20
0.00 0.56 0.91 1.40 0.80 1.21 1.03 1.40 0.72 0.65 1.05 1.13 0.42 1.17 0.80 0.96 0.81 1.25 0.80 1.16
0.56 0.00 0.42 1.26 0.51 1.36 0.47 0.82 1.21 0.99 0.39 0.83 1.04 1.54 0.89 0.73 1.25 0.53 1.10 0.78
0.91 0.42 0.00 0.71 0.49 1.49 0.52 1.04 0.77 0.72 0.53 0.91 1.25 0.72 0.64 0.70 0.94 0.90 1.20 0.85
1.40 1.26 0.71 0.00 1.10 1.20 1.41 0.74 1.04 1.21 0.91 0.66 1.05 0.60 1.25 1.39 1.02 1.49 1.00 1.14
0.80 0.51 0.49 1.10 0.00 0.89 0.98 0.67 0.69 0.45 0.32 1.54 1.30 1.14 0.47 0.79 1.26 0.74 1.17 0.43
1.21 1.36 1.49 1.20 0.89 0.00 1.15 0.97 0.98 0.65 1.34 1.63 0.99 1.01 0.85 1.37 0.65 0.74 0.40 0.65
1.03 0.47 0.52 1.41 0.98 1.15 0.00 1.24 1.20 0.95 0.96 0.92 1.31 1.05 0.88 0.68 0.73 0.37 0.97 0.79
1.40 0.82 1.04 0.74 0.67 0.97 1.24 0.00 1.58 1.39 0.29 1.07 1.51 1.44 1.26 1.15 1.73 0.70 1.15 0.71
0.72 1.21 0.77 1.04 0.69 0.98 1.20 1.58 0.00 0.26 1.13 1.25 0.63 0.46 0.22 0.60 0.75 1.30 1.19 1.22
0.65 0.99 0.72 1.21 0.45 0.65 0.95 1.39 0.26 0.00 1.01 1.61 0.73 0.65 0.18 0.96 0.53 0.94 0.78 0.84
1.05 0.39 0.53 0.91 0.32 1.34 0.96 0.29 1.13 1.01 0.00 0.95 1.33 1.43 0.79 0.72 1.74 0.58 1.49 0.76
1.13 0.83 0.91 0.66 1.54 1.63 0.92 1.07 1.25 1.61 0.95 0.00 0.72 1.21 1.41 0.91 1.22 1.11 1.39 1.46
0.42 1.04 1.25 1.05 1.30 0.99 1.31 1.51 0.63 0.73 1.33 0.72 0.00 1.06 0.80 1.16 0.69 1.29 0.75 1.58
1.17 1.54 0.72 0.60 1.14 1.01 1.05 1.44 0.46 0.65 1.43 1.21 1.06 0.00 0.68 0.93 0.49 1.46 0.83 1.29
0.80 0.89 0.64 1.25 0.47 0.85 0.88 1.26 0.22 0.18 0.79 1.41 0.80 0.68 0.00 0.48 0.90 0.71 1.05 1.15
0.96 0.73 0.70 1.39 0.79 1.37 0.68 1.15 0.60 0.96 0.72 0.91 1.16 0.93 0.48 0.00 1.40 0.69 1.58 1.27
0.81 1.25 0.94 1.02 1.26 0.65 0.73 1.73 0.75 0.53 1.74 1.22 0.69 0.49 0.90 1.40 0.00 1.21 0.35 0.98
1.25 0.53 0.90 1.49 0.74 0.74 0.37 0.70 1.30 0.94 0.58 1.11 1.29 1.46 0.71 0.69 1.21 0.00 1.01 0.74
0.80 1.10 1.20 1.00 1.17 0.40 0.97 1.15 1.19 0.78 1.49 1.39 0.75 0.83 1.05 1.58 0.35 1.01 0.00 1.02
1.16 0.78 0.85 1.14 0.43 0.65 0.79 0.71 1.22 0.84 0.76 1.46 1.58 1.29 1.15 1.27 0.98 0.74 1.02 0.00
